 0.000021658  0.000011655  0.000006801  0.000004122  0.000002512  0.000001555  0.000000968  0.000000677  0.000000716  0.000000865  0.000000662  0.000000410  0.000000159  0.000000037 -0.000000024 -0.000000094 -0.000000083 -0.000000103 -0.000000087 -0.000000102
 0.000011655  0.000006451  0.000003841  0.000002358  0.000001459  0.000000922  0.000000586  0.000000410  0.000000417  0.000000480  0.000000359  0.000000226  0.000000088  0.000000023 -0.000000012 -0.000000048 -0.000000046 -0.000000061 -0.000000051 -0.000000061
 0.000006801  0.000003841  0.000002362  0.000001478  0.000000936  0.000000606  0.000000393  0.000000272  0.000000260  0.000000285  0.000000209  0.000000135  0.000000054  0.000000018 -0.000000003 -0.000000024 -0.000000024 -0.000000036 -0.000000029 -0.000000033
 0.000004122  0.000002358  0.000001478  0.000000972  0.000000633  0.000000415  0.000000273  0.000000188  0.000000174  0.000000182  0.000000131  0.000000086  0.000000034  0.000000012 -0.000000002 -0.000000014 -0.000000016 -0.000000024 -0.000000017 -0.000000020
 0.000002512  0.000001459  0.000000936  0.000000633  0.000000447  0.000000306  0.000000208  0.000000147  0.000000130  0.000000128  0.000000092  0.000000065  0.000000031  0.000000016  0.000000005 -0.000000004 -0.000000008 -0.000000014 -0.000000010 -0.000000012
 0.000001555  0.000000922  0.000000606  0.000000415  0.000000306  0.000000234  0.000000171  0.000000128  0.000000111  0.000000100  0.000000075  0.000000058  0.000000035  0.000000025  0.000000016  0.000000009  0.000000002 -0.000000004 -0.000000005 -0.000000007
 0.000000968  0.000000586  0.000000393  0.000000273  0.000000208  0.000000171  0.000000146  0.000000120  0.000000103  0.000000087  0.000000067  0.000000053  0.000000034  0.000000026  0.000000020  0.000000015  0.000000009  0.000000002  0.000000000 -0.000000003
 0.000000677  0.000000410  0.000000272  0.000000188  0.000000147  0.000000128  0.000000120  0.000000116  0.000000104  0.000000086  0.000000068  0.000000054  0.000000037  0.000000028  0.000000023  0.000000018  0.000000012  0.000000005  0.000000003 -0.000000002
 0.000000716  0.000000417  0.000000260  0.000000174  0.000000130  0.000000111  0.000000103  0.000000104  0.000000110  0.000000099  0.000000077  0.000000059  0.000000039  0.000000026  0.000000020  0.000000015  0.000000010  0.000000004  0.000000001 -0.000000005
 0.000000865  0.000000480  0.000000285  0.000000182  0.000000128  0.000000100  0.000000087  0.000000086  0.000000099  0.000000104  0.000000087  0.000000067  0.000000045  0.000000030  0.000000023  0.000000016  0.000000011  0.000000006  0.000000002 -0.000000004
 0.000000662  0.000000359  0.000000209  0.000000131  0.000000092  0.000000075  0.000000067  0.000000068  0.000000077  0.000000087  0.000000084  0.000000070  0.000000052  0.000000035  0.000000027  0.000000020  0.000000013  0.000000008  0.000000004 -0.000000002
 0.000000410  0.000000226  0.000000135  0.000000086  0.000000065  0.000000058  0.000000053  0.000000054  0.000000059  0.000000067  0.000000070  0.000000067  0.000000055  0.000000040  0.000000032  0.000000024  0.000000018  0.000000013  0.000000007  0.000000002
 0.000000159  0.000000088  0.000000054  0.000000034  0.000000031  0.000000035  0.000000034  0.000000037  0.000000039  0.000000045  0.000000052  0.000000055  0.000000055  0.000000045  0.000000037  0.000000029  0.000000023  0.000000018  0.000000012  0.000000007
 0.000000037  0.000000023  0.000000018  0.000000012  0.000000016  0.000000025  0.000000026  0.000000028  0.000000026  0.000000030  0.000000035  0.000000040  0.000000045  0.000000044  0.000000038  0.000000030  0.000000023  0.000000018  0.000000012  0.000000009
-0.000000024 -0.000000012 -0.000000003 -0.000000002  0.000000005  0.000000016  0.000000020  0.000000023  0.000000020  0.000000023  0.000000027  0.000000032  0.000000037  0.000000038  0.000000038  0.000000033  0.000000027  0.000000021  0.000000015  0.000000011
-0.000000094 -0.000000048 -0.000000024 -0.000000014 -0.000000004  0.000000009  0.000000015  0.000000018  0.000000015  0.000000016  0.000000020  0.000000024  0.000000029  0.000000030  0.000000033  0.000000035  0.000000031  0.000000025  0.000000019  0.000000014
-0.000000083 -0.000000046 -0.000000024 -0.000000016 -0.000000008  0.000000002  0.000000009  0.000000012  0.000000010  0.000000011  0.000000013  0.000000018  0.000000023  0.000000023  0.000000027  0.000000031  0.000000032  0.000000028  0.000000022  0.000000016
-0.000000103 -0.000000061 -0.000000036 -0.000000024 -0.000000014 -0.000000004  0.000000002  0.000000005  0.000000004  0.000000006  0.000000008  0.000000013  0.000000018  0.000000018  0.000000021  0.000000025  0.000000028  0.000000029  0.000000025  0.000000020
-0.000000087 -0.000000051 -0.000000029 -0.000000017 -0.000000010 -0.000000005  0.000000000  0.000000003  0.000000001  0.000000002  0.000000004  0.000000007  0.000000012  0.000000012  0.000000015  0.000000019  0.000000022  0.000000025  0.000000026  0.000000023
-0.000000102 -0.000000061 -0.000000033 -0.000000020 -0.000000012 -0.000000007 -0.000000003 -0.000000002 -0.000000005 -0.000000004 -0.000000002  0.000000002  0.000000007  0.000000009  0.000000011  0.000000014  0.000000016  0.000000020  0.000000023  0.000000023
