 0.000008716  0.000006170  0.000004166  0.000003018  0.000002135  0.000001739  0.000001325  0.000001111  0.000000802  0.000000574  0.000000470  0.000000442  0.000000442  0.000000413  0.000000389  0.000000392  0.000000304  0.000000302  0.000000245  0.000000230
 0.000006170  0.000004925  0.000003413  0.000002440  0.000001747  0.000001411  0.000001031  0.000000792  0.000000521  0.000000335  0.000000256  0.000000248  0.000000257  0.000000249  0.000000231  0.000000244  0.000000189  0.000000188  0.000000148  0.000000125
 0.000004166  0.000003413  0.000002571  0.000001916  0.000001376  0.000001102  0.000000787  0.000000578  0.000000380  0.000000247  0.000000188  0.000000160  0.000000161  0.000000163  0.000000165  0.000000186  0.000000158  0.000000154  0.000000112  0.000000083
 0.000003018  0.000002440  0.000001916  0.000001665  0.000001278  0.000001025  0.000000730  0.000000524  0.000000347  0.000000223  0.000000138  0.000000084  0.000000075  0.000000095  0.000000105  0.000000126  0.000000111  0.000000107  0.000000081  0.000000060
 0.000002135  0.000001747  0.000001376  0.000001278  0.000001168  0.000000992  0.000000717  0.000000516  0.000000341  0.000000208  0.000000120  0.000000066  0.000000060  0.000000074  0.000000079  0.000000086  0.000000090  0.000000102  0.000000090  0.000000076
 0.000001739  0.000001411  0.000001102  0.000001025  0.000000992  0.000001000  0.000000796  0.000000590  0.000000401  0.000000267  0.000000179  0.000000122  0.000000092  0.000000083  0.000000079  0.000000080  0.000000083  0.000000110  0.000000104  0.000000102
 0.000001325  0.000001031  0.000000787  0.000000730  0.000000717  0.000000796  0.000000776  0.000000624  0.000000451  0.000000318  0.000000217  0.000000148  0.000000092  0.000000058  0.000000046  0.000000054  0.000000062  0.000000091  0.000000086  0.000000093
 0.000001111  0.000000792  0.000000578  0.000000524  0.000000516  0.000000590  0.000000624  0.000000590  0.000000458  0.000000339  0.000000229  0.000000157  0.000000090  0.000000045  0.000000035  0.000000042  0.000000058  0.000000084  0.000000084  0.000000088
 0.000000802  0.000000521  0.000000380  0.000000347  0.000000341  0.000000401  0.000000451  0.000000458  0.000000438  0.000000370  0.000000268  0.000000188  0.000000119  0.000000077  0.000000061  0.000000053  0.000000061  0.000000085  0.000000083  0.000000083
 0.000000574  0.000000335  0.000000247  0.000000223  0.000000208  0.000000267  0.000000318  0.000000339  0.000000370  0.000000367  0.000000294  0.000000218  0.000000144  0.000000100  0.000000082  0.000000074  0.000000073  0.000000087  0.000000078  0.000000077
 0.000000470  0.000000256  0.000000188  0.000000138  0.000000120  0.000000179  0.000000217  0.000000229  0.000000268  0.000000294  0.000000311  0.000000268  0.000000209  0.000000160  0.000000133  0.000000118  0.000000102  0.000000103  0.000000085  0.000000087
 0.000000442  0.000000248  0.000000160  0.000000084  0.000000066  0.000000122  0.000000148  0.000000157  0.000000188  0.000000218  0.000000268  0.000000290  0.000000262  0.000000214  0.000000178  0.000000148  0.000000124  0.000000117  0.000000096  0.000000098
 0.000000442  0.000000257  0.000000161  0.000000075  0.000000060  0.000000092  0.000000092  0.000000090  0.000000119  0.000000144  0.000000209  0.000000262  0.000000300  0.000000279  0.000000236  0.000000184  0.000000147  0.000000130  0.000000105  0.000000101
 0.000000413  0.000000249  0.000000163  0.000000095  0.000000074  0.000000083  0.000000058  0.000000045  0.000000077  0.000000100  0.000000160  0.000000214  0.000000279  0.000000302  0.000000266  0.000000209  0.000000162  0.000000139  0.000000113  0.000000104
 0.000000389  0.000000231  0.000000165  0.000000105  0.000000079  0.000000079  0.000000046  0.000000035  0.000000061  0.000000082  0.000000133  0.000000178  0.000000236  0.000000266  0.000000269  0.000000232  0.000000188  0.000000161  0.000000130  0.000000108
 0.000000392  0.000000244  0.000000186  0.000000126  0.000000086  0.000000080  0.000000054  0.000000042  0.000000053  0.000000074  0.000000118  0.000000148  0.000000184  0.000000209  0.000000232  0.000000242  0.000000213  0.000000189  0.000000157  0.000000129
 0.000000304  0.000000189  0.000000158  0.000000111  0.000000090  0.000000083  0.000000062  0.000000058  0.000000061  0.000000073  0.000000102  0.000000124  0.000000147  0.000000162  0.000000188  0.000000213  0.000000214  0.000000204  0.000000176  0.000000145
 0.000000302  0.000000188  0.000000154  0.000000107  0.000000102  0.000000110  0.000000091  0.000000084  0.000000085  0.000000087  0.000000103  0.000000117  0.000000130  0.000000139  0.000000161  0.000000189  0.000000204  0.000000219  0.000000203  0.000000174
 0.000000245  0.000000148  0.000000112  0.000000081  0.000000090  0.000000104  0.000000086  0.000000084  0.000000083  0.000000078  0.000000085  0.000000096  0.000000105  0.000000113  0.000000130  0.000000157  0.000000176  0.000000203  0.000000213  0.000000192
 0.000000230  0.000000125  0.000000083  0.000000060  0.000000076  0.000000102  0.000000093  0.000000088  0.000000083  0.000000077  0.000000087  0.000000098  0.000000101  0.000000104  0.000000108  0.000000129  0.000000145  0.000000174  0.000000192  0.000000193
